0 0.520176 0.707725 0.151445 0.116504
0 0.395693 0.695703 0.144355 0.158672
0 0.253945 0.676201 0.133945 0.117051
0 0.160303 0.620273 0.120957 0.106641
0 0.630420 0.691807 0.109238 0.132637
0 0.763066 0.687900 0.135234 0.114434
0 0.861250 0.644990 0.128750 0.117051
0 0.837236 0.810146 0.145566 0.176855
0 0.694141 0.847207 0.148242 0.193750
0 0.542637 0.880977 0.172969 0.227500
0 0.386582 0.866064 0.191172 0.174277
0 0.209023 0.842002 0.205391 0.235371
0 0.937324 0.584512 0.119648 0.097539
0 0.076426 0.589717 0.106641 0.157363
